16384 1518 1.3050942026871084 3249300031.9462204 56029303.60023554 27606736.857232843 1291540751.120239 401415035.9953483 11.82 630.2309029444446
16384 1518 1.1664239968084433 2907689016.7260203 30296952.50780714 15163278.863032902 1040653190.9025663 346203424.64859605 0.42 707.5743273888888
16384 1518 1.0644541975888075 2653605151.802385 10492092.85164812 5072944.4401492495 820087230.7854806 292575113.7355792 11.14 661.3963757777778
16384 1518 1.104980147296907 2754427840.716795 17999077.506537743 8836867.17676265 899048059.4246199 310915414.5506623 8.14 658.5402560555555
16384 1518 1.0270376578264777 2563461482.6887345 3006557.1430396135 1306266.4670756569 743853180.453286 275383761.4268557 11.14 706.6946614444445
16384 1518 1.4107400458948536 3513240282.9545507 74243178.15161851 36767468.80950189 1484155459.0580351 450938684.3781823 7.14 639.5379774444444
16384 1518 1.3245888037712623 3300619479.2626276 57795887.75141361 28961229.086274903 1322329154.1687346 412339766.6529907 2.99 694.291341111111
16384 1518 1.0690782880661238 2665264240.194314 10373188.20975692 5084348.191000461 840774808.5380889 294256689.3991387 7.14 670.061198
16384 1518 1.4060042959179624 3503899405.840526 73537754.91183 36701163.57998556 1482893875.1517305 450989854.9733173 5.14 673.5658637777777
16384 1518 1.327686581494311 3305279923.108642 63607137.729816824 31478641.727000743 1385222626.2839825 427072512.8465478 9.14 630.2744140000001
16384 1518 1.0905360664258568 2718638719.6699514 15232834.8787848 7601601.080762759 872695574.5681947 304751144.533725 1.15 691.3693576666667
16384 1518 1.1361587996014457 2831378659.576711 25722375.76639357 12646653.462317 982320716.5687824 331521916.1611839 11.15 646.1826173333334
16384 1518 1.2447928948692264 3100796049.511717 43355267.595401004 21403352.563996144 1161853999.3685772 374322480.9622177 10.14 622.1346571111111
16384 1518 1.2236673796248445 3049198996.474989 40821856.65782905 20111914.54674527 1134551093.339575 365060615.1405643 8.15 636.2381727777779
16384 1518 1.3424751684012413 3342007178.050945 61140960.74870836 30160451.838649612 1346883640.6337156 418440966.0883133 11.14 629.7060546666667
16384 1518 1.309056584611567 3263177531.6838474 55118212.31795125 27684034.047319405 1296625515.336804 403213368.10098857 1.18 715.3771701111111
16384 1518 1.2738772276200898 3174394303.7825513 50504969.07088672 25158208.573459093 1239004113.7693179 389175523.1558289 5.14 680.9012587222222
16384 1518 1.3446492378262 3352346536.9246383 65365044.15912936 32809693.905733082 1420280030.0843935 436626826.7174736 0.59 730.3591579999999
16384 1518 1.1488257600088616 2863325386.7020593 28102239.18590726 13843097.49562839 1010009976.5392151 338214819.60432225 8.14 646.7171223888888
16384 1518 1.0557580013707528 2633566015.4920325 7901603.059099234 3826727.1941382485 814756691.3132623 288157274.1804378 7.15 678.4829642777778
16384 1518 1.4084531997142815 3507416383.1123214 72533261.54338445 35245366.526353 1483913002.8995376 448244043.302163 8.14 632.6023219444444
16384 1518 1.0943960716971073 2727964502.7516522 15492115.114324857 7595035.5118033895 873353783.9993864 305755297.24409115 10.14 655.7049695555555
16384 1518 1.20908828999919 3013353292.0709314 38071859.848654784 18887414.287990086 1108312804.2176206 359032194.7387124 6.82 654.1951905
16384 1518 1.1983887278648961 2986071023.4021754 35720059.87869392 17586028.828752857 1081618327.7135859 352839624.52953535 11.14 640.9440917500001
16384 1518 1.0736151662509732 2676374321.889851 12941270.755017107 6349479.974573462 848983334.2783377 300051209.7598617 8.14 660.3569876666667
16384 1518 1.0989184380626371 2738969841.66924 18007588.54097855 8847932.92855597 902997449.2896087 312960705.7807234 9.14 645.2214627777778
16384 1518 1.1546506405459178 2878580345.377985 25297898.312732417 12644112.45127482 1003424955.4842422 333277758.8589992 3.07 678.1880424444444
16384 1518 1.2996870458845333 3237586085.949256 55714816.88247661 27703648.191280115 1290626775.888661 400841866.4546432 6.14 659.8108724444444
16384 1518 1.1860465120225527 2956587096.948643 32733275.25504643 16403076.002352811 1057257307.9880428 349947933.8176011 1.21 697.7830946111112
16384 1518 1.0637597918191266 2652607657.6307735 10353398.580350999 5096313.67396544 819901534.4439148 292525224.33339876 6.14 669.7574869444444
16384 1518 1.4278814297338909 3557943717.897461 73184351.4490396 36517360.6266921 1516785263.931044 456511448.88638204 5.14 676.661784
16384 1518 1.0408037853682477 2597229560.611458 5328325.497310736 2561029.021257898 769764268.2235795 281621345.4172523 9.15 682.8830296111112
16384 1518 1.1054582571708693 2755855641.876221 17724273.303161655 8854045.520491317 899775094.4038994 311159233.4015469 1.36 701.1962890555556
16384 1518 1.376164340789947 3428423169.073413 68280356.53757918 33956538.802257404 1425985733.365375 437766402.2695285 5.14 672.1023221111111
16384 1518 1.0660775086439775 2658358795.160282 10317286.06938206 5085895.695260875 820933274.6327556 293461185.0623651 5.84 680.9620225
16384 1518 1.3928913181156557 3469645385.070589 73158950.9241266 36298684.223134845 1472172779.5065718 442960091.81517744 6.14 653.1232639444445
16384 1518 1.0769681385792367 2684811792.7716436 12783345.707123417 6343450.455418946 846092688.2558147 298604234.3799014 3.07 683.3388671111111
16384 1518 1.4278814297338909 3557943717.897461 73184351.4490396 36517360.6266921 1516785263.931044 456511448.88638204 5.14 676.661784
16384 1518 1.0807492179423397 2693708036.558571 12962055.771110835 6335023.537919027 847056953.1414334 299535953.5901732 10.15 663.3564453888889
16384 1518 1.2732037634087776 3171193850.699182 48355573.08988582 23916657.739269394 1216470869.855664 387024599.1507033 7.15 653.9663627222221
16384 1518 0.92882656631039 2313880332.877088 40318244.136377394 20061100.14297546 704097087.9516579 255263482.39672518 6.14 672.8904078333334
16384 1518 0.8100202223808368 2019414515.29528 239615493.57338402 120093175.41517664 857177396.903153 269485191.0981755 3.69 685.9208985555556
16384 1518 0.983761599331672 2451809459.232298 40093389.85173061 20085073.737454113 742238773.2811204 269862775.45338035 0.49 731.3873697777778
16384 1518 0.42706848776122674 1063005812.1752532 178072428.95227775 88259555.3454397 537862992.2711957 159852033.92606857 10.14 558.052856375
16384 1518 0.4493520061960086 1118335239.183001 166212626.08887878 82310452.64102772 552319436.5616798 167176032.56312257 11.14 565.1457247222222
16384 1518 0.9179656437721799 2288380747.193591 134654958.39722934 67603033.01522158 807242341.7907311 273688112.9674461 1.14 700.7841797777777
16384 1518 0.4229201114722514 1052414444.701635 176328077.5546458 87347192.25319354 545188130.4630866 162661273.0573651 10.89 569.8132595555556
16384 1518 0.7757906022543104 1933064781.0759318 183322786.10659847 91785067.33058305 773252329.5928084 246812461.60867426 5.14 667.3819445
16384 1518 0.9697883680210906 2419392971.707079 63126584.17852348 35085280.89833839 758594221.499672 270564822.3940049 0.11 736.8421224444445
16384 1518 0.6027988748923998 1500851566.772562 141980912.43300074 69980451.42673492 622673285.1111747 200430922.0335791 8.14 604.5831162777777