21800 1518 1.3608167883623588 3391528819.26869 65323562.335503206 32711693.08937902 1399419076.5216782 431417973.8957164 2.72 659.2473958333335
29800 1518 1.2009041497805946 2991869865.7336574 33201871.73456389 16368171.413065804 1082960208.437687 352557817.08105505 9.14 540.3424477777777
14200 1518 1.0736151662509732 2676374321.889851 12941270.755017107 6349479.974573462 848983334.2783377 300051209.7598617 8.14 805.8434244444444
5300 1518 1.4307986612746484 3567041281.4400897 74200750.11363478 37368845.97973321 1536463158.1853535 460922371.2732075 0.6 923.4663628888889
9000 1518 1.3491393217781922 3361885620.0694923 63102612.758589014 31462472.285822164 1373508267.1899102 425266974.6427332 5.16 842.2548829444444
900 1518 1.1488257600088616 2863325386.7020593 28102239.18590726 13843097.49562839 1010009976.5392151 338214819.60432225 8.14 1004.0659723333333
10787368 1518 1.1179929575458336 2787102775.9362063 20459655.67267405 10095329.325428693 925165830.7084028 316927561.97249836 7.14 746.2401256111111
30300 1518 1.3562876644193467 3378380550.253389 63399564.05425206 31416475.027864967 1375220267.0706563 424690782.4628639 7.14 583.0913627777777
3600 1518 1.4530550838167609 3619596672.365439 76509611.5663233 37903319.628632635 1547306445.0475128 464319715.79275393 7.14 905.2157117222222
14794168 1518 1.4100806297550967 3512924011.9327826 74158259.1477955 36732651.729635075 1485286928.3235974 451480824.5473148 6.14 710.5279947777778
31600 1518 1.3245888037712623 3300619479.2626276 57795887.75141361 28961229.086274903 1322329154.1687346 412339766.6529907 2.99 645.9399958333335
7900 1518 1.3608167883623588 3391528819.26869 65323562.335503206 32711693.08937902 1399419076.5216782 431417973.8957164 2.72 860.0291884444446
12400 1518 1.294940890584418 3228134435.324101 52607866.2767047 26423008.274983916 1269964524.8240132 396937908.7377935 1.13 830.1587457222222
18100 1518 1.2738772276200898 3174394303.7825513 50504969.07088672 25158208.573459093 1239004113.7693179 389175523.1558289 5.14 692.5056422777777
17100 1518 1.276232552740193 3181669922.7871685 45314607.635006234 22719268.223188236 1225598435.495232 387314116.4846352 0.32 749.9099390555555
30900 1518 1.2574958728949923 3131961600.3860903 43260357.57524624 21328171.20023428 1189514986.7535834 377816568.613968 11.14 592.1340062222222
29500 1518 1.0499952678730897 2619030984.7677107 7861161.449258553 3831397.655402786 796361194.3144897 287710010.46329904 11.15 598.1618923888889
21300 1518 1.2648569516488788 3150149656.230504 48366641.438310206 23845814.682008203 1213254117.466409 383464464.3005567 11.14 653.901584111111
31900 1518 1.145951495230145 2856419797.1405153 25205933.389078233 12614187.395377858 978500655.4991621 331148526.45008606 0.41 639.7177733333333
12700 1518 1.4009473988157124 3487573425.832932 73810090.23664038 36371583.96477253 1475394612.4058092 443707504.20999986 10.14 733.4514974444445
3100 1518 1.2025261711550088 2999781726.068159 27505941.0619612 17673873.81093507 1084449833.170028 356251690.1218349 0.15 991.7030165555555
9195368 1518 1.3782920602777082 3435538786.635619 71873939.64315633 36021824.0995459 1490487548.3576596 453286928.41274977 1.18 765.0770399444444
8700 1518 1.346681844002482 3359216927.6945605 53362316.66525912 31441665.05487237 1374098469.4042916 420943763.4372372 0.11 872.1531033333334
17000 1518 1.334154306062628 3325576623.4948125 62615600.681438535 31475728.432177696 1392924993.1928763 430330532.0695634 1.36 727.4871961111112
16100 1518 1.0644541975888075 2653605151.802385 10492092.85164812 5072944.4401492495 820087230.7854806 292575113.7355792 11.14 794.3837888888888
7000 1518 1.4155921903921922 3524259987.5396404 74759291.06454411 36890833.99074231 1488011062.471908 452123579.24996036 9.14 782.8492838888889
10700 1518 1.3446492378262 3352346536.9246383 65365044.15912936 32809693.905733082 1420280030.0843935 436626826.7174736 0.59 862.5636936111111
12200 1518 1.3549245807567967 3377381850.5761256 65613369.61326169 32701509.320963785 1397849827.0108263 425998486.44882053 5.14 798.6219618888889
29700 1518 1.3153001796786652 3274527668.3674207 53495595.02457808 26454908.177024268 1297672820.3274095 403801305.02414083 8.14 599.4373913888888
14600 1518 1.091283402321487 2720514512.3784633 15446239.07910278 7595654.592636621 872586887.2848191 304731953.7097925 6.14 803.3909506666666
3300 1518 1.0855142793168615 2705853045.1919827 15473678.999498343 7618218.7403254155 875595572.8321143 306362985.4123842 9.15 965.1424695
1700 1518 1.1876165064199165 2959940629.7933335 35712660.094505414 17665804.35898692 1091860173.6253664 357829441.0080382 7.15 976.8553601111113
9000 1518 1.0281440902736168 2566247857.562735 3146264.1965718525 1312200.7301317744 762478252.8602726 275782446.68850505 9.15 866.0397135555555
3669368 1518 1.1566447159375355 2883387509.090835 27734293.312459834 13866262.747547148 1004264893.5381875 335152726.8621171 1.18 803.3275824444445
3200 1518 1.1651349763024466 2904506364.951513 30197615.2446912 15153476.322183173 1040271695.6034429 345918061.97333837 1.12 977.3706597777777
14642768 1518 1.0400401485007027 2595483042.7181854 5242894.483667031 2563079.715262224 769666721.5931485 281278926.4489309 6.14 723.9008247222223
6100 1518 1.373872688163479 3419068444.3042045 63704563.80929694 31437810.167680983 1404781765.409121 429494772.6811497 11.15 787.7476128333333
10944468 1518 1.1856560549935926 2954874235.5845895 30435183.718674142 15144113.54959051 1057304111.2179767 346337744.9131265 6.24 760.265625
7100 1518 1.1566447159375355 2883387509.090835 27734293.312459834 13866262.747547148 1004264893.5381875 335152726.8621171 1.18 873.3620604375
20200 1518 1.4129914710618352 3522535362.7199416 73404125.03194255 36898725.44208847 1491558921.9595902 452751548.84580356 1.39 689.2803819999999
25400 1518 0.7607750139311051 1896597290.6114824 314230163.454984 157968321.21532714 908158116.4846961 270382753.97642773 3.05 624.2156032222223
200 1518 0.4194005238954527 1043994056.3288913 175021833.0717304 86693061.60775466 554607095.9427432 165914144.9944801 11.14 1079.7496745555554
16371668 1518 0.9435602951218565 2352060685.429716 99816809.58867885 50092148.00943921 784028721.0127579 272528523.31753486 0.54 768.1243896250002
7960668 1518 0.8624344588502617 2149366035.5402546 179416592.68848678 90128061.38196611 820719095.6387662 269342527.40440327 3.1 753.5564236111111
15400 1518 0.8624344588502617 2149366035.5402546 179416592.68848678 90128061.38196611 820719095.6387662 269342527.40440327 3.1 779.432942888889
184268 1518 0.4194005238954527 1043994056.3288913 175021833.0717304 86693061.60775466 554607095.9427432 165914144.9944801 11.14 610.9009331111112
15300 1518 0.8753364309898919 2180616202.3108315 40590642.411451645 20016831.651209842 689378813.2994641 243895357.41483667 10.14 745.0742188888889
23900 1518 0.42437552531226935 1056032266.6240474 177022886.8772824 87680583.98673515 559437255.8207818 167381923.5820643 10.14 533.1994357222221
20300 1518 0.7603608651935901 1894899285.9809597 314081297.9961582 157936080.80506155 906788074.8890336 269917832.3183133 2.76 660.4705946666667
10400 1518 0.4372740670178025 1088418056.451353 182166583.5473257 90376245.8909874 567928642.378769 169959204.58786795 10.24 688.5812718333333